/*******************************************************************************
 FX Data resource file.
********************************************************************************

 Run this file through the fx-data.py Python script (drag and drop) to create
 a c-style header file that can be included with your project.
 
 a .bin file will also be created containing the actual resource data. This .bin
 file can be uploaded to the FX flash chip using the uploader-gui.py Python
 script (Use Upload Development data button).
 
 The .bin file can also be uploaded to FX flash chip using the flash-writer.py
 Python command line script using the -d switch.
 
 Data types:
  
 int8_t, uint8_t   values will be stored as 8-bit bytes (unsigned char)
 
 int16_t, uint16_t values will be stored as 16-bit (half)words (int)
 
 int24_t,uint24_t   values will be stored as 24-bit address that points to
                    a FX data resource
 
 int32_t,uint32_t   values will be stored as 32-bit long words
 
 image_t            a filename with a relative path to a .bmp or .png image file
 raw_t              a filename with a relative path to a raw file
 
 to create a constant to point to a FX resource, a similar format as in C(++):
 is used. 

    image_t FXlogo   = "FX-logo.png";
    image_t FxSprite = "FXSprite.png";
  
 when data of the same format is used the data type may be ommited. The semicolon
 may also be ommited in all cases.

    image_t FXlogo   = "FX-logo.png"
            FxSprite = "FXSprite.png"
 
 or even:
 
    image_t FXlogo   = "FX-logo.png", FxSprite = "FXSprite.png"
 
 When specifying multiple data make sure they are seperated by at least a space
 (comma is optional). A data array can be simplified. For examle:
 
    uint8_t tilemap[] = {
      0, 1, 2, 3, 4, 5, 6
    };
 
 can also be written simply as:
 
    uint8_t tilemap = 0 1 2 3 4 5 6

  data can be commented out using // for a single line or
  using /* */ for a block comment

********************************************************************************
  basic example :
*******************************************************************************/

//convert +append floor*.png nasty*.png wall*.png conveyor*.png key*.png crumbing_floor*png switch*.png tiles_8x8.png



image_t title_gfx = "../assets/title.png"

image_t tiles = "../assets/tiles_8x8.png"

image_t portals = "../assets/portals_16x16.png"


image_t player_gfx = "../assets/player_16x16.png"

image_t guardians_h_gfx = "../assets/guardians_h_16x16.png"
image_t guardians_v_gfx = "../assets/guardians_v_16x16.png"



uint8_t tilemap[] = {
0, 1, 10, 3, 4, 5, 6, 8
};

uint8_t Level_1 = {
25, 0,  0,  0,  0,  0,  0,  0,  0,  79,  0, 22,  0,  0,  0,  0, 22,  0,  0,  0,  0,  0,  0,  0,  0,  0,  0,  0,  0, 79,  0, 25,
25, 0,  0,  0,  0,  0,  0,  0,  0,   0,  0,  0,  0,  0,  0,  0, 79,  0,  0,  0,  0,  0,  0,  0,  0,  0,  0,  0,  0,  0,  0, 25,
25, 0,  0,  0,  0,  0,  0,  0,  0,   0,  0,  0,  0,  0,  0,  0,  0,  0,  0,  0,  0,  0,  0,  0,  0,  0,  0,  0,  0,  0,  0, 25,
25, 0,  0,  0,  0,  0,  0,  0,  0,   0,  0,  0,  0,  0,  0,  0,  0,  0,  0,  0,  0,  0,  0,  0,  0,  0,  0,  0,  0,  0,  0, 25,

25,  0,  0,  0,  0,  0,  0,  0,  0,  0,  0,  0,  0,  0,  0,  0,  0,  0,  0,  0,  0,  0,  0, 13, 79,  0,  0, 13,  0,  0,  0, 25,
25,  1,  1,  1,  1,  1,  1,  1 , 1,  1,  1,  1,  1,  1, 90, 90, 90, 90,  1, 90, 90, 90, 90,  1,  1,  1,  1,  1,  1,  1,  1, 25,
25,  0,  0,  0,  0,  0,  0,  0,  0,  0,  0,  0,  0,  0,  0,  0,  0,  0,  0,  0,  0,  0,  0,  0,  0,  0,  0,  0,  0,  0, 79, 25,
25,  1,  1,  1,  0,  0,  0,  0,200,  0,  0,  0,  0,  0,  0,201,  0,  0,  0,  0,  0,  0,  0,  0,  0,  0,  0,  0,  0,  0,  0, 25,
   
25,  0,  0,  0,  0,  0,  0,  0,  0,  0,  0,  0,  0,  0,  0,  0,  0, 25, 25, 25,  0, 13,  0,  0,  0,  0,  0,  0,  0,  0,  0, 25,
25,  1,  1,  1,  1,  0,  0,  0, 35, 35, 35, 35, 35, 35, 35, 35, 35, 35, 35, 35, 35, 35, 35, 35, 35, 35, 35, 35,  0,  0,  0, 25,
25,  0,  0,  0,  0,  0,  0,  0,  0,  0,  0,  0,  0,  0,  0,  0,  0,  0,  0,  0,  0,  0,  0,  0,  0,  0,  0,  0,  0,  1,  1, 25,
25,  0,  0,  0,  0,  0,  0,  0,  0,  0,  0,  0,  0,  0,  0,  0,  0,  0,  0,  0,  0,  0,  0,  0,  0,  0,  0,  0,  0,  0,  0, 25,
    
25,  0,  0,  0,  0,  0,  0,  0,  0,  0,  0,  0, 13,  0,  0,  0,  0,  0,  0,  0, 25, 25, 25, 90, 90, 90, 90, 90,  1,  1,  1, 25,
25,250  ,0,  0,  0,  1,  1,  1,  1,  1,  1,  1,  1,  1,  1,  1,  1,  1,  1,  1,  0,  0,  0,  0,  0,  0,  0,  0,  0,150,  0, 25,
25,  0,  0,  0,  0,  0,  0,  0,  0,  0,  0,  0,  0,  0,  0,  0,  0,  0,  0,  0,  0,  0,  0,  0,  0,  0,  0,  0,  0,  0,  0, 25,
25,  1,  1,  1,  1,  1,  1,  1,  1,  1,  1,  1,  1,  1,  1,  1,  1,  1,  1,  1,  1,  1,  1,  1,  1,  1,  1,  1,  1,  1,  1, 25
     
};

uint8_t Level_2 = {
//0   1   2   3   4   5   6   7   8   9  10  11  12  13  14  15  16  17  18  19  20  21  22  23  24  25  26  27  28  29  30  31
 25,  0,  0,  0,  0,  0,  0,  0,  0,  0,  0,  0,  0,  0,  0,  0,  0,  0,  0, 25, 25, 25, 25, 25, 25, 25, 25, 25, 25, 25, 25, 25,
 25,  0,  0,  0,  0,  0,  0, 80,  0,  0,  0,  0,  0,  0,  0,  0,  0,  0,  0,  0,  0,  0,  0,  0, 80,  0,  0,  0,  0,  0,23, 25,
 25,  0,  0,  0,  0,  0,  0,  0,  0,  0,  0,  0,  0,  0,  0,  0,  0,  0,  0,  0,  0,  0,  0,  0,  0,  0,  0,  0,  0,  0,  0, 25,
 25,203,  0,  0,  0,  0,  0,  0,  0,  0,  0,  0,  0,  0,  0,  0,  0,  0,202,  0,  0, 90, 90, 90,  1,  0,  0,  0,  0,  0,  0, 25,

 25,  0,  0,  0,  0,  0,  0,  0,  0,  0,  0,  0,  0,  0,  0,  0,  0,  0,  0,  0,  0,  0,  0,  0,  0,  0,  0,  0,  0,  0,  0, 25,
 25,  1,  1,  1,  1,  1,  1,  1 , 1,  1,  1,  1,  1,  1,  1,  1,  1,  1,  1,  1,  0,  0,  0,  0,  0,  0,  0,  0, 25,  0,  0, 25,
 25,  0,  0,  0,  0,  0,  0,  0,  0,  0,  0,  0,  0,  0,  0,  0,  0,  0,  0,  0,  0,  1,  1,  1,  1, 25, 90, 90, 25,  0,  0, 25,
 25,  1, 90, 90, 90, 90, 90,  0,  0,  0,  0,  0,  0,  0,  0,  0,  0,  0,  0,  0,  0,  0,  0,  0,  0, 25, 80, 90, 25,  0,  0, 25,
    
 25,  0,  0,  0,  0,  0,  0,  0,  0,  0,  0,  0,  0,  0,  0,  0,  0,  0,  0,  0,  0,  0,  0,  0,  0, 25, 90, 90, 25,  0,  0, 25,
 25,  0,  0, 80,  0,  0,  0,  0,  0,  1,  1,  1,  1,  1,  1,  1,  0,  0,  0,  0,  0,  0,  0,  0,  0, 25, 90, 90, 25,  0,  0, 25,
 25,  0,  0,  0,  0,  0,  0,  0,  0,  0,  0,  0,  0,  0,  0,  0,  0,  0,  0, 90, 90, 90, 90,  0,  0, 25, 90, 90, 25,  0,  0, 25,
 25,  0,  0, 39, 39, 39, 39,  0,  0,  0,  0,  0,  0,  0,  0,  0,  0,  0,  0,  0,  0,  0,  0,  0,  0, 25, 90, 90, 25,  0,  0, 25,
    
 25,  0,  0,  0,  0,  0,  0,  0,  0,  0,  0,  0,  0,  0,  1,  1,  1,  1,  0, 80,  0,  0,  0,  0,  0, 25, 90, 90, 25,  0,  0, 25,
 25,250,  0,  0,  0,  0,  0,  0, 90, 90, 90, 90,201,  0,  0,  0,  0,  0,  0,  0,  0,  0,  0,  0,  0,  0,  0,  0,  0,150,200, 25,
 25,  0,  0,  0,  0,  0,  0,  0,  0,  0,  0,  0,  0,  0,  0,  0,  0,  0,  0,  0,  0,  0,  0,  0,  0,  0,  0,  0,  0,  0,  0, 25,
 25,  1,  1,  1,  1,  1,  1,  1,  1,  1,  1,  1,  1,  1,  1,  1,  1,  1,  1,  1,  1,  1,  1,  1,  1,  1,  1,  1,  1,  1,  1, 25
 
};

uint8_t Level_3 = {
//0   1   2   3   4   5   6   7   8   9  10  11  12  13  14  15  16  17  18  19  20  21  22  23  24  25  26  27  28  29  30  31
 26,  0,  0,  0,  0,  0, 79,  0,  0,  0,  0,  0,  0,  0,  0, 79,  0,  0, 21,  0,  0,  0,  0, 79,  0,  0,  0,  0, 20,  0,  0, 26,
 26,  0,  0,  0,  0,  0,  0,  0,  0,  0,  0,  0,  0,  0,  0,  0,  0,  0, 20,  0,  0,  0,  0,  0,  0,  0,  0,  0,  0,  0,  0, 26,
 26,  0,  0,  0,  0,  0,  0,  0,  0,  0,  0,  0,  0,  0,  0,  0,  0,  0,  0,  0,  0,  0,  0,  0,  0,  0,  0,  0,  0,  0,  0, 26,
 26,202,  0,  0,  0,  0,  0,  0,  0,  0,  0,  0,  0,  0,  0,  0,203,  0,204,  0,  0,  0,  0,  0,  0,  0,  0,  0,  0,205,  0, 26,

 26,  0,  0,  0,  0,  0,  0,  0,  0,  0,  0,  0,  0,  0,  0,  0,  0,  0,  0,  0,  0,  0,  0,  0,  0,  0,  0,  0,  0,  0,  0, 26,
 26,  2,  2,  2,  2, 98, 98, 98, 98, 98, 98, 98, 98, 98, 98, 98, 98, 98, 98, 98, 98, 98, 98, 98, 98, 98, 98, 98, 98, 98, 98, 26,
 26,  0,  0,  0,  0,  0,  0,  0,  0,  0,  0,  0,  0,  0,  0,  0,  0,  0,  0,  0,  0, 79,  0,  0,  0,  0,  0,  0,  0,  0, 79, 26,
 26,  2,  2,  2,  2,  2,  2,  0,  0,  0,  0,  0,  0,  0,  0,  0,  0,  0,  0,  0,  0,  0,  0,  0,  0,  0,  0,  2,  2,  2,  2, 26,
    
 26, 21,  0,  0,  0,  0,  0,  0,  0,  0,  0,  0,  0,  0,  0,  0,  0,  0,  0,  0,  0,  0,  0,  0,  0,  0,  0,  0,  0,  0,  0, 26,
 26, 21,  0,  0,  0,  0, 43, 43, 43, 43, 43, 43,  0,  0,  0,  0,  0,  0,  0,  0,  0,  0,  0,  0,  0,  0,  0,  0,  0,  0,  0, 26,
 26, 21,  0,  0,  0,  0,  0,  0,  0,  0,  0,  0,  0,  0,  0,  0,  0,  0,  0,  0,  0,  0,  0,  0,  0,  2,  2,  2,  2,  2,  2, 26,
 26, 20,  0,  0,  0,  0,  0,  0,  0,  0,  0,  0,  0,  0,  2,  2,  2,  2,  2,  0,  0,  0,  0,  0,  0,  0,  0,  0,  0,150,  0, 26,
    
 26,  0,  0,  0,  0,  2,  2,  2,  2,  2,  2,  0,  0,  0,  0,  0,  0,  0,  0,  0,  0,  0,  0,  0,  0,  0,  0,  0,  0,  0,  0, 26,
 26,201,250,  0,  0,  0,  0,  0,  0,  0,  0,  0,  0,  0,  0,  0,  0,  0,  0,200,  0,  2,  2,  2,  2,  2,  2,  2,  2,  2,  2, 26,
 26,  0,  0,  0,  0,  0,  0,  0,  0,  0,  0,  0,  0,  0,  0,  0,  0,  0,  0,  0,  0,  0,  0,  0,  0,  0,  0,  0,  0,  0,  0, 26,
 26,  2,  2,  2,  2,  2,  2,  2,  2,  2,  2,  2,  2,  2,  2,  2,  2,  2,  2,  2,  2,  2,  2,  2,  2,  2,  2,  2,  2,  2,  2, 26
 
};


uint8_t Level_4 = {
//0   1   2   3   4   5   6   7   8   9  10  11  12  13  14  15  16  17  18  19  20  21  22  23  24  25  26  27  28  29  30  31
 25, 79,  0,  0,  0,  0,  0, 20,  0,  0,  0,  0,  0,  0, 25, 25, 25, 25, 25, 25, 25, 25, 25, 25, 25, 25, 25, 25, 25, 25, 25, 25,
 25,  0,  0,  0,  0,  0,  0,  0,  0,  0,  0,  0, 79,  0,  0,  0,  0,  0,  0,  0,  0,  0,  0,  0,  0, 79,  0,  0,  0,150,  0, 25,
 25,  0,  0,  0,  0,  0,  0,  0,  0,  0,  0,  0,  0,  0,  0,  0,  0,  0,  0,  0,  0,  0,  0,  0,  0,  0,  0,  0,  0,  0,  0, 25,
 25,  0,  0,  0,  0,  0,  0,  0,  0,  0,  0,  0,  0,  0,  0,  0,  0,  0,  0,  1,  1,  1,  1,  1,  1,  0,  0,  0,  0,  0,  0, 25,

 25,  0,  0,  0,  0,  0,  0,  0,  0,  0,  0,  0,  0,  0,  0,  0,  0,  0,  0,  0,  0,  0,  0,  0,  0,  0,  0,  1,  1,  1,  1, 25,
 25,  1,  0,  0,  0,  0,  0,  1 , 0,  0,  0,  0,  0,  0,  0,  0,  0,  1,  0,  0,  0,  0,  0,  0,  0,  0,  0,  0,  0,  0,  0, 25,
 25,  0,  0,  0,  0,  0,  0,  0,  0,  0,  0,  0,  1,  1,  0,  0, 79,  0,  0,  0,  0,  1,  1,  1,  0,  0,  0,  0,  0,  0, 79, 25,
 25, 90, 90, 90,  0,  0,  0,  0,  0,  0,  0,  0,  0,  0,  0,  0,  0,  0,  0,  0,  0,  0,  0,  0,  0,  0,  0,  0,  0,  0,  0, 25,
    
 25,  0,  0,  0,  0,  0,  0,  1,  1,  0,  0,  0,  0,  0,  0,  0,  0,  0,  0,  0,  0,  0,  0,  0,  0,  0,  1,  1,  1,  0,  0, 25,
 25,  0,  0,  0,  0,  0,  0,  0,  0,  0,  0,  0,  0,  0,  0,  0,  0,  0,  1,  1,  1,  0,  0,  0,  0,  0,  0,  0,  0,  0,  0, 25,
 25, 39, 39, 39,  0,  0,  0,  0,  0,  0,  0,  0,  0,  0,  0,  0,  0,  0,  0,  0,  0,  0,  0,  0,  0,  0,  0,  0,  0,  0,  1 25,
 25,  0,  0,  0,  0,  0,  0,  0,  0,  0,  0,  0,  1,  1,  1,  0,  0,  0,  0,  0,  0,  0,  1,  1,  1,  0,  0,  0,  0,  0,  0, 25,
    
 25,  0,  0,  0,  0,  0,  1,  1,  0,  0,  0,  0,  0,  0,  0,  0,  0,  0,  0,  0,  0,  0,  0, 20,  0,  0,  0,  0,  1,  1   1, 25,
 25,200,  0,  0,  0,  0,202,  0,  0,  0,  0,201,  0,  0,  0,203,  0,  0,  1,  1,  0,  0,  0,  0,  0,  0,  0,  0,  0,250,  0, 25,
 25,  0,  0,  0,  0,  0,  0,  0,  0,  0,  0,  0,  0,  0,  0,  0,  0,  0,  0,  0,  0,  0,  0,  0,  0,  0,  0,  0,  0,  0,  0, 25,
 25,  1,  1,  1,  1,  1,  1,  1,  1,  1,  1,  1,  1,  1,  1,  1,  1,  1,  1,  1,  1,  1,  1,  1,  1,  1,  1,  1,  1,  1,  1, 25
 
};

uint8_t Level_5 = {
//0   1   2   3   4   5   6   7   8   9  10  11  12  13  14  15  16  17  18  19  20  21  22  23  24  25  26  27  28  29  30  31
 25,  0,  0,  0,  0,  0,  0,  0,  0,  0,  0,  0,  0,  0,  0,210,  0,  0,  0,  0, 24,  0,  0,  0,  0,  0,  0,  0,  0,  0,  0, 25, 
 25,  0,  0,  0,  0,  0,  0,  0,  0,  0,  0,  0,  0,  0,  0,  0,  0,  0,  0,  0,  0,  0,  0,  0,  0,  0,  0,  0,  0,  0, 81, 25,
 25,  0,  0,  0,  0,  0,  0,  0,  0,  0,  0,  0,  0,  0,  0,  0,  0,  0,  0,  0,  0,  0,  0,  0,  0,  0,  0,  0,  0,  0,  0, 25,
 25,201,250,  0,  0,  0,  0,  0,  0,  0,  0,  0,200,  0,  0,  0,  0,  0,  0,  0,  0,  0,  0,  0,  0,  0,  0,  0,  0,  0,  0, 25,

 25,  0,  0,  0,  0,  0,  0,  0,  0,  0,  0,  0,  0,  0,  0,  0,  0,  0,  0,  0,  0,  0,  0,  0,  0, 13,  0,  0,  0,  0,  0, 25,
 25,  1,  1,  1,  1,  1,  1,  1 , 1,  1,  1,  1,  1,  1,  0,  0,  0,  0, 47, 47, 47, 47,  1,  1,  1,  1,  1,  1,  0,  0,  0, 25,
 25,  0,  0,  0,  0,  0,  0,  0,  0,  0, 81,  0,  0,  0,  0,  0,  0,  0,  0,  0,  0,  0,  0,  0,  0,  0,  0,  0,  0,  1,  1, 25,
 25,  0,  0,  0,202,  0,  0,  0,  0,  0,  0,  0,203,  0,  0,  0,  0,  0,  0,  0,  0, 13,  0,  0,  0,  0,  0,  0,  0, 81,  0, 25,
    
 25,  0,  0,  0,  0,  0,  0,  0,  0,  0,  0,  0,  0,  0,  0,  0,  0,  0, 75, 75, 75, 75, 75, 75, 75, 75, 75, 75,  0,  0,  0, 25,
 25,  0,  0,  0,  1,  1,  1,  1,  1,  1,  1,  1,  1,  1,  0,  0,  0,  0,  0,  0,  0,  0,  0,  0,  0,  0,  0,  0,  0,  0,  0, 25,
 25,  0,  0,  0,  0,  0,  0,  0,  0,  0,  0,  0,  0,  0,  0,  0,  0,  0,  0,  0,  0,  0,  0,  0,  0,  0,  0,  0,  0,  0,  0, 25,
 25, 90, 90,  1,  1,  1,  1,  1,  1,  1,  1,  1,  1,  1,  0,211,  0,  0,  1,  1,  1,  1,  1,  1,  1,  0,  0,  0,  0,  0,  1, 25,
    
 25,  0,  0,  0,  0,  0,  0, 81, 25, 81,  0,  0,  0,  0,  0,  0,  0,  0,  0,  0,  0,  0,  0,  0,  0,  0,  0,  0,  0,  0,  0, 25,
 25,  1,  1,  0,  0,  0,  0,  0, 25,  0,  0,  0,  0,  0, 25,150,  0, 25,  0,  0,  0,  0,  0,  0,  0,  0,  0,  0,  0,  0,  0, 25,
 25,  0,  0,  0,  0, 13,  0,  0, 25,  0,  0,  0,  0,  0, 25,  0,  0, 25, 25, 25, 25, 25, 25, 25, 13, 13,  0,  0,  0,  0,  0, 25,
 25,  1,  1,  1,  1,  1,  1,  1, 25, 25, 25, 25, 25, 25, 25, 25, 25, 25, 25, 25, 25, 25, 25, 25,  1,  1,  1,  1,  1,  1,  1, 25
 
};

uint8_t Level_6 =  {
//0   1   2   3   4   5   6   7   8   9  10  11  12  13  14  15  16  17  18  19  20  21  22  23  24  25  26  27  28  29  30  31
 27,  0,  0,  0,  0,  0,  0,  0,  0,  0,  0,  0,  0,  0,  0,  0,  0,  0,  0,  0,  0,  0,  0,  0,  0,  0,  0,  0,  0,150,  0, 27,
 27,  0,  0,  0,  0,  0,  0,  0,  0,  0,  0,  0,  0,  0,  0,  0,  0,  0,  0,  0,  0,  0,  0,  0,  0,  0,  0,  0,  0,  0,  0, 27,
 27,  0,  0,  0,  0,  0,  0,  0,  0,  0,  0,  0,  0,  0,  0,  0,  0,  0,  0,  0,  0,  0,  0,  0,  0,  0,  0,  0,  0,  0,  0, 27,
 27,  0,  0,  0,  0,  0,  0,  0,  0,  0,  0,  0,  0,  0,  0,250,  0,  0,  0,  0,  0,  0,  0,  0,  0,  0,  0,  0,  0,  0,  0, 27,

 27,  0,  0,  0,  0,  0,  0,  0,  0,  0,  0,  0,  0,  0,  0,  0,  0,  0,  0,  0,  0, 17,  0,  0,  0,  0,  0,  0,  0,  0,  0, 27,
 27,  0,  0,  0,  0,  0,  0,  0 , 3,  3,  3,  0,  0,  0,  0,  3,  3,  0,  0,  0,  0,  3,  3,  3,  3,  3,  0,  0,  0,  0,  0, 27,
 27,  0,  0,  3,  3,  0,  0,  0,  0,  0,  0,  0,  0,  0,  0, 79, 27, 79,  0,  0,  0,  0,  0,  0,  0,  0,  0,  0,  3,  3,  3, 27,
 27,  0,  0,  0,  0,  0,  0,  0,  0,  0,  0,  0,  0,  0,  0,  0, 27,  0,  0,  0,  0,  0,  0,  0,  0,  0,  0,  0,  0,  0, 79, 27,
    
 27,  0,  0,  0,  0,  0,200,  0,  0,  0,  0,  0,  0,201,202,  0,  0,  0,  0,  0,  0,203,  0,  3,  3,  3,  3,  3,  0,  0,  0, 27,
 27,  3,  3,  0,  0,  0,  0,  0,  0,  0,  0,  0,  0,  0,  0,  0,  0,  0,  0,  0,  0,  0,  0,  0,  0,  0,  0,  0,  0,  0,  0, 27,
 27, 79,  0,  0,  0,  0,  0,  3,  3,  3,  3,  3,  3,  3,  3,  3, 27,  3,  3,  3,  3,  3,  3,  3,  3,  3,  0,  0,  0,  0,  0, 27,
 27,  0,  0,  0,  0,  0,  0,  0,  0,  0,  0,  0,  0, 79,  0,  0, 27, 17,  0,  0,  0,  0,  0,  0,  0,  0,  0,  0,  0,  0,  0, 27,
    
 27,  0,  0, 19,  0,  0,  0,  0,  0,  0,  0,  0,  0,  0,  0,  0, 27,  0,  0,  0,  0,  0,  0,  0,  0,  0,  0,  0,  3,  3,  3, 27,
 27,  0,  0, 35, 35, 35, 35,  0,204,  0,  0,  0,  0,  0,  0,  0,  0,  0,  0,  0,205,  0,  3,  3,206,  0,  0,  0,  0,207,  0, 27,
 27,  0,  0,  0,  0,  0,  0,  0,  0,  0,  0,  0,  0,  0,  0,  0,  0,  0,  0,  0,  0,  0,  0,  0,  0,  0,  0,  0,  0,  0,  0, 27,
 27,  3,  3,  3,  3,  3,  3,  3,  3,  3,  3,  3,  3,  3,  3,  3,  3,  3,  3,  3,  3,  3,  3,  3,  3,  3,  3,  3,  3,  3,  3, 27
 
};

uint8_t Level_7 = {
//0   1   2   3   4   5   6   7   8   9  10  11  12  13  14  15  16  17  18  19  20  21  22  23  24  25  26  27  28  29  30  31
 25,  0,  0,  0,  0,  0,  0,  0,  0,  0,  0,  0,  0,  0, 25, 25, 25, 25, 25, 25, 25, 25, 25, 25, 25, 25, 25, 25, 25, 25, 25, 25,
 25,  0,  0,  0,  0,  0,  0,  0,  0,  0,  0,  0,  0,  0,  0,200,  0,  0,  0,  0,  0,  0,  0,  0,  0,  0,  0,  0,  0,201,  0, 25,
 25,  0,  0,  0,  0,  0,  0,  0,  0,  0,  0,  0,  0,  0,  0,  0,  0,  0,  0,  0,  0,  0,  0,  0,  0,  0,  0,  0,  0,  0,  0, 25,
 25,  0,  0,  0,  0,  0,  0,  0,  0,  0,  0,  0,  0,  0,  0,  1,  1, 25,106,106,106,106,106,106,106,106,106,106,106,106, 79, 25,

 25,  0,  0,  0,  0,  0,  0,  0,  0,  0,  0,  0,  0,  0,  0,  0,  0, 25,106,106,106,106,106,106,106,106,106,106,106,106,106, 25,
 25,  0,  0,  0,  0,  0,  0, 51, 51, 51, 51, 51,  0,  0,  1,  1,  1, 25,106,106,106,106,106,106,106,106,106,106, 16,106,106, 25,
 25,  1,  1,  1,  0,  0,  0,  0,  0,  0,  0,  0,  0,  0,  0,  0,  0, 25,106,106, 79,106,106,106,106,106,106,106,106,106,106, 25,
 25,  0,  0,  0,  0,  0,  0,  0,  0,  0,  0,  0,  0,  0,  0,  0,  0, 25,106,106,106,106,106,106,106,106,106, 79,106,106,106, 25,
    
 25,  1,203,  0,  0,  0,  0,  0,  0,  0,202,  0,  0,  0,  0,  0,  0, 25,106,106,106,106,106, 16,106,106,106,106,106,106,106, 25,
 25,  0,  0,  0,  0,  0,  0,  0,  0,  0,  0,  0,  0,  0,  1,  1,  1, 25,106,106,106,106,106,106,106,106,106,106,106,106,106, 25,
 25,  1,  1,  1,  1,  1,  1,  1,  1,  1,  1,  1,  0,  0,  0,  0,  0, 25,106, 79,106,106,106,106,106,106,106,106, 16,106,106, 25,
 25,  0,  0,  0,  0,  0,  0,  0,  0,  0,  0,  0,  0,  0,  0,  0,  0, 25,106,106,106,106,106,106,106,106,106,106,106,106, 79, 25,
    
 25,  0,  0,  0,  0,  0,  0,  0,  0,  0,  0,  0,  0,  0, 25, 25, 25, 25,106,106,106,106,106, 16,106,106,106,106,106,106,106, 25,
 25,250,  0,  0,  0,  0,  0,  0,  0,  1,  1,  1,  0,  0, 25,150,  0,204,  0,  0,  0,  0,  0,  0,  0,  0,  0,  0,  0,205,  0, 25,
 25,  0,  0,  0,  0,  0,  0,  0,  0,  0,  0,  0,  0,  0, 25,  0,  0,  0,  0,  0,  0,  0,  0,  0,  0,  0,  0,  0,  0,  0,  0, 25,
 25,  1   1,  1,  1,  1,  1,  1,  1,  1,  1,  1,  1,  1, 25, 25, 25, 25, 25, 25, 25, 25, 25, 25, 25, 25, 25, 25, 25, 25, 25, 25
 
};

uint8_t Level_8 = {
//0   1   2   3   4   5   6   7   8   9  10  11  12  13  14  15  16  17  18  19  20  21  22  23  24  25  26  27  28  29  30  31
 25,  0, 24,  0,  0,  0,  0,  0,  0,  0, 24,  0,  0,  0,  0,  0,  0, 25,  0,  0, 25,  0,  0,  0,  0,  0,  0,  0,  0,  0,  0, 25,
 25,  0,  0,  0,  0,  0,  0,  0,  0,  0,  0,  0,  0,  0,  0,  0,  0, 25,  0,  0, 25,  0,  0,  0,  0,  0,  0,  0,  0,  0,  0, 25,
 25,  0,  0,  0,  0,  0,  0,  0,  0,  0,  0,  0,  0, 82,  0,  1,  1, 25,  0,  0,  0,  0,  0,  0,  0,  0,  0,  0,  0,  1,  1, 25,
 25,  0,  0,  0,  0,  0,  0,  0,  0,  0,  0,  0,  0,  0,  0,  0,  0, 25,  0,  0,  0,  0,  0,  0,  0,  0,  0,  0,  0,  0,  0, 25,

 25,  0,  0,  0,  0,  0,  0,  0,  0,  0,  0,  0,  0,  0,  0,  0,  0, 25,  0,  0,  0,  0,  0,  0,  0,  0,  0,  0,  0,  0,  0, 25, 
 25,  1,  1,  1,  0,  0,  0,  0 , 0,  1,  1,  1,  1,  1,  1,  0,  0, 25,  1,  1,  0,  0,  0,  0,  0,  0,  0,  0,  0,  0,  0, 25,
 25,  0,  0,  0,  0,  0,  0,  0,  0,  0,  0,  0,  0,  0, 82,  0,  0, 25,  0,  0,  0,  1,  1,  1,  1,  0,  0,  0,  0,  0,  1, 25,
 25,  0,  0,  1,  1,  0,  0,  0,  0,  0,  0,  0,  0,  0,  0,  0,  0, 25,204,  0,205,  0,  0,  0,  0,  0,  0,  1,  0,  0,  0, 25,
    
 25,  0, 82,  0,  0,  0,  0,  0,  1,  1,  1,  0,  0,  0,  0,  0,  0, 25,  0,  0,  0,  0,  0,  0,  0,  0,  0,  0,  0,  0,  0, 25,
 25,  0,  0,  0,  0,  0,  0,  0,  0,  0,  0,  0,  0,  0,  0,  0,  0, 25,  1,  1,  1,  1,  1,  1,  0,  0,  0,  0,  0,  0,  0, 25,
 25,  1,  0,  0,  0,  0,  0,  0,  0,  0,  0,  0,  1,  1,  1,  0,  0, 25,  0,  0,  0,  0,  0,  0,  0,  0,  0,  1,  1,  1,  1, 25,
 25,  0,  0,  0,  0,  0,  0,  0,  0,  1,  1,202,  0,  0,  0,  0,  0,  0,203,  0,  0,  0,  0,  0,  0,  0,  0,  0,  0,  0,  0, 25,
    
 25,  0,  0,  0,  1,  1,  0,  0,  0,  0,  0,  0,  0,  0,  0,  0,  0,  0,  0,  0,  0,  0,  1,  1,  1,  1,  1,  0,  0,  0,  0, 25,
 25,201,250,  0,  0,  0,  0,  0,  0,200,  0, 67, 67, 67, 25,150,  0, 25,  1,  1,  0,  0,  0,  0,  0,  0,  0,  0,  0, 82,  0, 25,
 25,  0,  0,  0,  0,  0,  0,  0,  0,  0,  0,  0,  0,  0, 25,  0,  0, 25,  0,  0,  0,  0,  0, 13,  0,  0,  0,  0,  0,  0,  0, 25,
 25,  1,  1,  1,  1,  1,  1,  1,  1,  1,  1,  1,  1,  1,  1,  1,  1,  1,  1,  1,  1,  1,  1,  1,  1,  1,  1,  1,  1,  1,  1, 25
 
};

uint8_t Level_9 = {
//0   1   2   3   4   5   6   7   8   9  10  11  12  13  14  15  16  17  18  19  20  21  22  23  24  25  26  27  28  29  30  31
 28,150,  0, 28,  0,210,  0,  0,  0,  0,212,  0,  0,  0,  0,  0,  0,  0,  0,  0,214,  0,  0,  0,  0,216,  0,  0,  0,  0,  0, 28,
 28,  0,  0,  0,  0,  0,  0,  0,  0,  0,  0,  0,  0,  0,  0,  0, 79,  0,  0,  0,  0,  0,  0,  0,  0,  0,  0,  0,  0,  0,  0, 28,
 28,  0,  0,  0,  0,  0,  0,  0,  0,  0,  0,  0,  0,  0,  0,  0,  0,  0,  0,  0,  0,  0,  0,  0,  0,  0,  0,  0,  0,  0,  0, 28,
 28,  0,  0,  0,  0,  0,  0,  0,  0,  0,  0,  0,200,  0,  0,  0,  0,  0,201,  0,  0,  0,  0,  0,  0,  0,  0,  0,  0,  0,  0, 28,

 28,  0,  0,  0,  0,  0,  0,  0,  0,  0,  0,  0,  0,  0,  0,  0,  0,  0,  0,  0,  0,  0,  0,  0,  0,  0,  0,  0,  0,  0,  0, 28, 
 28,  1,  1,  1,  1,  0,  0,  1 , 1,  1,  0,  0,  1,  1,  1,  1,  1,  1,  1,  1,  0,  0,  1,  1,  1,  0,  0,  1,  1,  0,  0, 28,
 28,  0,  0,  0,  0,  0,  0,  0,  0,  0,  0,  0,  0,  0,  0,  0,  0,  0,  0,  0,  0,  0,  0,  0,  0,  0,  0,  0,  0,  0,  0, 28,
 28,  0,  0,  0,  0,  0,  0,  0,  0,  0,  0,  0,  0,  0,  0,  0,  0,  0,  0,  0,  0,  0,  0,  0,  0,  0,  0,  0,  0,  1,  1, 28,
    
 28,  0,  0,  1,  1,  0,  0,  1,  1,  1,  0,  0, 59, 59, 59, 59, 59, 59, 59, 59,  0,  0,  0,  0,  0,  0,  0,  0,  0,  0,  0, 28,
 28,  0,  0,  0,  0,  0,  0,  0,  0,  0,  0,  0,  0,  0,  0,  0,  0,  0,  0,  0,  0,  0,  1,  1,  1,  0,  0,  1,  1,  0,  0, 28,
 28,  1,  1,  0,  0,  0,  0,  0,  0,  0,  0,  0,202,  0,  0,  0,  0,  0,203,  0,  0,  0,  0,  0,  0,  0,  0,  0,  0,  0,  0, 28,
 28,  0,  0,  0,  0,  0,  0,  0,  0,  0,  0,  0,  0,  0,  0,  0,  0,  0,  0,  0,  0,  0,  0,  0,  0,  0,  0,  0,  0,  0,  0, 28,
    
 28,  0,  0,  1,  1,211,  0,  1,  1,  1,213,  0,  1,  1,  1,  1,  1,  1,  1,  1,215,  0,  1,  1,  1,217,  0,  1,  1,  0,  0, 28,
 28,250,  0,  0,  0,  0,  0,  0,  0,  0,  0,  0,  0,  0,  0,  0,  0,  0,  0,  0,  0,  0,  0,  0,  0,  0,  0,  0,  0,  1,  1, 28,
 28,  0,  0,  0,  0,  0,  0,  0,  0,  0,  0,  0,  0,  0,  0,  0,  0,  0,  0,  0,  0,  0,  0,  0,  0,  0,  0,  0,  0,  0,  0, 28,
 28,  1,  1,  1,  1,  1,  1,  1,  1,  1,  1,  1,  1,  1,  1,  1,  1,  1,  1,  1,  1,  1,  1,  1,  1,  1,  1,  1,  1,  1,  1, 28
 
};

uint8_t Level_10 = {
//0   1   2   3   4   5   6   7   8   9  10  11  12  13  14  15  16  17  18  19  20  21  22  23  24  25  26  27  28  29  30  31
 29,  0,  0,  0,  0,  0,  0,  0,  0,  0,  0, 14,  0,  5,  5,  5, 29   0, 14,  0, 14,  5,  5,  5,  5,  5,  5,  5,  5,  5,  5, 29,
 29,  0,  0,  0,  0,  0,  0,  0,  0,  0,  0,  0,  0,  0, 84,  0, 29,  0,  0,  0,  0, 14,  0,  0,  0,  0,  0,  0,  0,  0, 84, 29,
 29,  5,  5,  5,  5,  5,  5,  0,  0,  0,  0,  0,  0,  0,  0,  0, 29,  0,  0,  0,  0, 84,  0,  0,  0,  0,  0,  5,  5,  5,  5, 29,
 29,  0,  0, 14,  0,  0,  0,  0,  0,  0,  0,  0,  0,  0,  0,  0, 29,  0,  0,  0,  0,  0,  0,  0,  0,  0,  0,  0,  0,  0,  0, 29,

 29,250,  0,  0,  0,  0,  0,  0,  0,  0,  0,  0,  0,  0,  0,  0, 29,  5,  5,  5,  5,  0,  0,  0,  0,  0,  0,  0,  0,  0,  0, 29, 
 29,  0,  0,  0,  0,  0,  0,  0 , 5,114,114,114,114,114,114,114, 29,206,  0,  0,  0,207,  0,  5,  5,  5,  5,  5,  5,  5,  5, 29,
 29,  5,  5,  5,  5,  0,  0,  0,  0,  0,  0,  0, 84,  0,  0,  0, 29,  0,  0,  0,  0,  0,  0,  0,  0,  0,  0,  0,  0,  0,  0, 29,
 29,  0,  0,  0,  0,  0,  0,  0,  0,200,  0,  0,  0,  0,201,  0, 29,  5,  5,  5,  5,  5,  5,  5,114,114,114,  0,  0,  0,  0, 29,
    
 29,  5,  5,  5,  5,  5,  0,  0,  0,  0,  0,  0,  0,  0,  0,  0, 29,  0, 84,  0,  0,  0,  0,  0,  0,  0,  0,  0,  0,  0,  0, 29,
 29, 14,  0,  0,  0,  0,  0,  0,  0,  5,  5,  5,  5,  5,  5,  5, 29,  0,  0,  0,  0,  0,  0,  0,  0,  0,  0,  0,  0,  5,  5, 29,
 29,  5,  5,  5,  5,114,114,  0,202,  0,  0,  0,  0,  0,203,  0, 29,  5,  5,  5,  5,  5,  5,  5,  0,  0,  0,  0,  0,  0, 14, 29,
 29,  0,  0,  0,  0,  0,  0,  0,  0,  0,  0,  0,  0,  0,  0,  0, 29,  0,  0,  0,  0,  0,  0, 14,114,114,114,  0,  0,  0,  0, 29,
    
 29,  0,  0,  0,  0,  0,  0,  0,  4,  4,  4,  4,  4,  4,  4,  4,  4,  4,  0,  0,  0,  0,  0,  0,  0,  0,  0,  0,  0,  0,  0, 29,
 29,  5,  5,  5,204,  0,  0,  0,  0,  0,  0,  0,150,  0,  0,  0,  0,  0,  0,  0,  0,  0,  0,  0,  0,  0,205,  0,  5,  5,  5, 29,
 29,  0,  0,  0,  0,  0,  0,  0,  0,  0,  0,  0,  0,  0,  0,  0,  0,  0,  0,  0,  0,  0,  0,  0,  0,  0,  0,  0,  0,  0,  0, 29,
  4,  4,  4,  4,  4,  4,  4,  4,  4,  4,  4,  4,  4,  4,  4,  4,  4,  4,  4,  4,  4,  4,  4,  4,  4,  4,  4,  4,  4,  4,  4,  4
 
};

uint8_t Level_11 = {
//0   1   2   3   4   5   6   7   8   9  10  11  12  13  14  15  16  17  18  19  20  21  22  23  24  25  26  27  28  29  30  31
 30, 30, 30, 30, 30, 30, 30,  0,  0,  0,  0,  0,210,  0,  0,  0,  0,  0,  0, 21,  0,  0,  0,  0, 89,  0,216,  0,  0,  0,  0, 30,
 30,150,  0,250,  0,  0,  0,  0,  0,  0,  0,  0,  0,  0,  0,  0,  0,  0,  0, 20,  0,  0,  0,  0,  0,  0,  0,  0,  0,  0, 89, 30,
 30,  0,  0,  0,  0,  0,  0,  0,  0,  0,  0,  0,  0,  0,  0,  0,  0,  0,  0,  0,  0,  0,  0,  0,  0,  0,  0,  0,  0,  0,  0, 30,
 30,  1,  1,  1,  1,  0,  0,  0,  0,  0,  0,  0,  0,  0,  0,200,  0,  0,  0,  0,  0,  0,  0,  0,201,  0,  0,  0,  0,  0,  0, 30,

 30, 89,  0,212,  0,  0,  0,  0,  0,  0,  0,  0,  0,  0,  0,  0,  0,  0,  0,  0,  0,  0,  0,  0,  0,  0,  0,  0,  0,  0,  0, 30, 
 30,  0,  0,  0,  0,  1,  1,  1 , 1,  1,  1,  0,  0,  0,  0,  1,  1, 12, 12, 12, 12, 12, 12, 12,  1,  1,  0,  0,  0,  0,  0, 30,
 30,  0,  0,  0,  0,  0,  0,  0,  0,  0,  0,  0,  0,  0,  0,  0,  0,  0,  0, 89,  0,214,  0,  0, 21,  0,  0,  0,  0,  1,  1, 30,
 30,  0,  0,  0,  0,  0,  0,  0,  0,  0,  0,  0,211,  0,202,  0,  0,  0,203,  0,  0,  0,  0,  0, 21,  0,  0,  0,  0,  0,  0, 30,
    
 30,  1,  1,  0,  0, 63, 63,  0,  0,  0,  0,  0,  0,  0,  0,  0,  0,  0,  0,  0,  0,  0,  0,  0, 21,  0,  0,  0,  0,  1,  1, 30,
 30,  0,  0,  0,  0,  0,  0,  0,  0,  0,  0,  1,  1,  1,  1,  1,  1,  1,  1,  1,  0,  0,  0,  0, 20,  0,  0,  0,  0,  0,  0, 30,
 30,  0,  0,  0,  0,  0,  0,  0,  0,  0,  0,  0, 21,  0,  0,  0,  0,  0,  0, 21,  0,  0,  0,  0,  0,  0,  0,  0,  1,  0,  0, 30,
 30,  0,  0,  0,  0,  0, 90, 90, 90,  1,  0,  0, 21,  0,  0,  0,  0,  0,  0, 20,  0,  0,  0,  0,  0,  0,  0,  0,  0,  0,  0, 30,
    
 30,  0,  0,213,  0,  0,  0,  0,  0,  0,  0,  0, 20,  0,  0,  0,  0,  0,  0,  0,  0,  0,  0,  0,  0,  0,  0,  0,  1,  1,  1, 30,
 30,  1,  1,  0,  0,204,  0,  0,  0,  0,  0,  0,  0,  0,  0,  0,  0,  0,  0,205,  0,215,  0,  1,  1,  1,217,  0,  0,  0, 89, 30,
 30,  0,  0,  0,  0,  0,  0,  0,  0,  0,  0,  0,  0,  0,  0,  0,  0,  0,  0,  0,  0,  0,  0,  0,  0,  0,  0,  0,  0,  0,  0, 30,
 30,  1,  1,  1,  1,  1,  1,  1,  1,  1,  1,  1,  1,  1,  1,  1,  1,  1,  1,  1,  1,  1,  1,  1,  1,  1,  1,  1,  1,  1,  1, 30
 
};

uint8_t Level_12 = {
//0   1   2   3   4   5   6   7   8   9  10  11  12  13  14  15  16  17  18  19  20  21  22  23  24  25  26  27  28  29  30  31
 25,  0, 24,  0,  0,  0,  0,  0,  0,  0, 24,  0,  0,  0,  0,  0,  0, 25,  0,  0,  0, 25,  0,  0,  0,  0,  0,  0,  0,  0,  0, 25,
 25,  0,  0,  0,  0,  0,  0,  0,  0,  0,  0,  0,  0,  0,  0,  0,  0,  0,  0,  0,  0,  0,  0,  0,  0,  0,  0,  0,  0,  0,  0, 25,
 25,  0,  0,  0,  0,  0,  0,  0,  0,  0,  0,  0,  0,  0,  0,  0,  0,  0,  0,  0,  0,  0,  0,  0,  0,  0,  0,  0,  0,  0,  0, 25,
 25,  0,  0,  0,  0,  0,  0,  0,  0,  0,  0,  0,  0,  0,  0, 82,  0,  0,  0,  0,  0,  0,  0,  0,  0,  0,  0,  0,  0,  0,  0, 25,

 25,  0,  0,  0,  0,  0,  0,  0,  0,  0,  0,  0,  0,  0,  0,  0,  0,  0,  0,  0,  0,  0,  0,  0,  0,  0,  0,  0,  0,  0,  0, 25, 
 25,  1,  1,  1,  0,  0,  0,  0 , 0, 90, 90, 90, 90, 90, 25,  0,  0, 25, 90, 90, 90, 90, 90, 90,  1,  1, 82,  0,  0,  0,  0, 25,
 25,  0, 82,  0,  0,  0,  0,  0,  0,  0,  0,  0,  0,  0, 25,  0,  0, 25,  0,  0,  0,  0,  0,  0,204,  0,  0,  0,205,  0,  1, 25,
 25,  0,  0,  0,  0,  0,  1,  1,  0,  0,  0,  0,  0,  0, 25,  0, 82, 25,  0,  0,  0,  0,  0,  0,  0,  0,  0,  0,  0,  0,  0, 25,
    
 25,  0,  0,  1,  0,  0,  0,  0,  0,  0,  0,  0,  0,  0, 25,  0,  0, 25,  0,  0,  0,  0,  0,  0,  1,  1,  1,  1,  1,  1,  1, 25,
 25,  0,  0,  0,  0,  0,  0,  0,  0,  0,  1,  1,  1,  1, 25,  0,  0, 25,  0,  0,  0,  0,  0,  0,  0,  0,  0,  0,  0,  0,  0, 25,
 25,  0,  0,  0,  0,  0,  1,  0,  0,  0,  0,  0,  0,  0,  0,  0,  0, 25,  1,  1,  1,  0,  0,  0,  0,  0,  0,  0,  0,  0,  0, 25,
 25,  0,  0,  0,  0,  0,  0,  0,  0,  0,  0,202,  0,  0,  0,203,  0,  0,  0,  0,  0,  0,  0,  0,  0,  1,  1,  0,  0,  0,  0, 25,
    
 25,  1,  1,  1,  1,  1,  1,  0,  0,  0,  0,  0,  0,  0,  0,  0,  0,  0,  0,  0,  0,  0,  0, 13,  0,  0,  0,  0, 13,  0,  0, 25,
 25,250,200,  0,  0,  0,  0,  0,  0,201,  0,  1,  1,  1, 25,150,  0, 25, 67, 67, 67, 67, 67, 67, 67, 67, 67, 67, 67, 82,  0, 25,
 25,  0,  0,  0,  0,  0,  0,  0,  0,  0,  0,  0,  0,  0, 25,  0,  0, 25,  0,  0,  0,  0,  0,  0,  0,  0,  0,  0,  0,  0,  0, 25,
 25,  1,  1,  1,  1,  1,  1,  1,  1,  1,  1,  1,  1,  1, 25, 25, 25, 25,  1,  1,  1,  1,  1,  1,  1,  1,  1,  1,  1,  1,  1, 25
 
};

uint8_t Level_13 = {
//0   1   2   3   4   5   6   7   8   9  10  11  12  13  14  15  16  17  18  19  20  21  22  23  24  25  26  27  28  29  30  31
 28, 28, 28, 28, 28, 28, 28, 28, 28, 28, 28, 28, 28, 28, 28, 28, 28, 28, 28, 28, 28, 28, 28, 28, 28, 28, 28, 28, 28, 28, 28, 28,
 28,  0,  0,  7,  0,210,  0,200,  0,  0,  0,  0,  0,  0,  0,  0,  0,  0,  0,  0,  0,  0,  0,  0,  0,  0,  0,  0,  0,201,  0, 28,
 28,  0,  0,  7,  0,  0,  0,  0,  0,  0,  0,  0,  0,  0,  0,  0,  0,  0,  0,  0,  0,  0,  0,  0,  0,  0,  0,  0,  0,  0,  0, 28,
 28,  0,  0,  7,  0,  0,  0,  6,  6,  6,  6,  6,  6,  6,  6,  6,  6,  6,  6,  6,  6,  6,  6,  6,  6,  0, 85,  6,  6,  6,  6, 28,
 
 28,  0,  0,  7,  0,  0,  0,202,  0,  0,  0,  0,  0,  0,  0,  0,  0,  0,  0,  0,  0,  0,  0,  0,  0,  0,  0,  0,  0,203,  0, 28,
 28,  0,  0,  7,  0,  0,  0,  0 , 0,  0,  0,  0,  0,  0,  0,  0,  0,  0,  0,  0,  0,  0,  0,  0,  0,  0,  0,  0,  0,  0,  0, 28,
 28,  0,  0,  7,  0,  0,  0,  6,  6,  0, 85,  6,  6,  6,  6,  0,  0,  6,  6,  6,  6,  6,  0,  0,  6,  6,  6,  6,  0,  0,  6, 28,
 28,  0,  0,  7,  0,  0,  0,  0,  0,  0,204,  0,  0,  0,  0,  0,  0,  0,  0,  0,  0,  0,  0,  0,  0,  0,205,  0,  0,  0,  0, 28,
    
 28,  0,  0,  7,  0,  0,  0,  0,  0,  0,  0,  0,  0,  0,  0,  0,  0,  0,  0,  0,  0,  0,  0,  0,  0,  0,  0,  0,  0,  0,  0, 28,
 28,  0,  0,  7,  0,  0,  0,  6,  6,  6,  6,  6,  0,  0,  6,  6,  6,  0,  0, 85,  6,  6,  6,  6,  6,  0, 85,  6,  6,  6,  6, 28,
 28,  0,  0,  7,  0,  0,  0,206,  0,  0,  0,  0,  0,  0,  0,  0,  0,  0,  0,  0,  0,  0,  0,  0,  0,  0,  0,  0,  0,207,  0, 28,
 28,  0,  0,  7,  0,  0,  0,  0,  0,  0,  0,  0,  0,  0,  0,  0,  0,  0,  0,  0,  0,  0,  0,  0,  0,  0,  0,  0,  0,  0,  0, 28,
    
 28,  0,  0,  7,  0,  0,  0,  6,  6,  6,  0, 85,  6,  6,  6,  0,  0,  6,  6,  6,  6,  0,  0,  6,  6,  6,  6,  0,  0,  6,  6, 28,
 28,150,  0,  7,  0,211,  0,  0,  0,  0,  0,  0,  0,  0,  0,  0,  0,  0,  0,  0,  0,  0,  0,  0,  0,  0,  0,  0,  0,250,  0, 28,
 28,  0,  0,  7,  0,  0,  0,  0,  0,  0,  0,  0,  0,  0,  0,  0,  0,  0,  0,  0,  0,  0,  0,  0,  0,  0,  0,  0,  0,  0,  0, 28,
 28,  6,  6, 59, 59, 59, 59, 59, 59, 59, 59, 59, 59, 59, 59, 59, 59, 59, 59, 59, 59, 59, 59, 59, 59, 59, 59, 59, 59,  6,  6, 28
 
};

uint8_t Level_14 = {
//0   1   2   3   4   5   6   7   8   9  10  11  12  13  14  15  16  17  18  19  20  21  22  23  24  25  26  27  28  29  30  31
 31,  0,  0,  0,  0,  0,  0,  0,  0,  0,  0,  0,  0,  0,  0,150,  0,  0,  0,  0,  0,  0,  0,  0,  0,  0,  0,  0,  0,  0,  0, 31,
 31,  0,  0,  0,  0,  0,  0,  0,  0,  0,  0,  0,  0,  0,  0,  0,  0,  0,  0,  0,  0,  0,  0,  0,  0,  0,  0,  0,  0,  0,  0, 31,
 31,  0,  0,  0,  0,  0,  0,  0,  0,  0,  0,  0,  0,  0,  0,  0,  0,  0,  0,  0,  0,  0,  0, 86,  0,  0,  0,  0,  0,  0,  0, 31,
 31,  0,  0,  0,  0,  0,  0,  0,  0,  0,  0,  0,  0,  0,  0,  0,  0,  0,  0,  0,  0,  0,  0,  0,  0,  0,  0,  0,  0,  0,  0, 31,

 31,  0,  0,  0,  0,  0,  0,  0,  0,  0,  0,  0,  0,  0,  0,  0,  0,  0,  0,  0,  0,  0,  0,  0,  0,  0,  0,  0,  0,  0,  0, 31, 
 31,  0,  0,  0,  0,  0,  0,  0 , 0,  0,  0,  0,  0,  0,  0,  8,  9,  0,  0,  0,  0,  0,  0,  0,  0,  0,  0,  0,  0,  0,  0, 31,
 31,  0,  0,  8,  9,  0,  0,  0,  0,  0,  0,  8,  9,  0,  0,  0,  0,  0,  0,  8,  9,  0,  0,  0,  0,  0,  0,  8,  9,  0,  0, 31,
 31,  0,  0,  0,  0,  0,  0,  8,  9,  0,  0,  0,  0,  0,  0,  0, 86,  0,  0,  0,  0,  0,  0,  8,  9,  0,  0, 86,  0,  0,  0, 31,
    
 31,  0,  0, 86,  0,  0,  0,  0,  0,  0,  0,  0,  0,  0,  0,  0,  0,  0,  0,  0,  0,  0,  0,  0,  0,  0,  0,  0,  0,  0,  0, 31,
 31,  0,  0,  0,  0,  8,  9,  0,  0,  0,  0,  0,  0,  8,  9,  0,  0,  0,  0,  0,  0,  8,  9,  0,  0,  0,  0,  0,  0,  8,  9, 31,
 31,  8,  9,  0,  0,  0,  0,  0,  0,  0,  0,  0,  0,  0,  0,  0,  0,  0,  0,  0,  0,  0,  0,  0,  0,  0,  0,  0,  0,  0,  0, 31,
 31,  0,  0,  0,  0,  0,  0,  0,  0,  8,  9,  0,  0,  0,  0, 55, 55, 55, 55, 55, 55,  0,  0,  0,  0,  8,  9,  0,  0,  0,  0, 31,
    
 31,  0,  0,  0,  0,  0,  0,  0,  0,  0,  0,  0,  0,  0,  0,  0,  0,  0,  0,  0,  0,  0,  0,  0,  0,  0,  0,  0,  0,  0,  0, 31,
 31,  0,  0,  0,  0,  0,  0,  8,  9,  0,  0,  0,  0,  0,  0,  0,  0,  0,  0,  0,  0,  0,  0,  0,  0,  0,  0,  0,  0,250,  0, 31,
 31,  0,  0,  0,  0,  0,  0,  0,  0,  0,  0,  0,  0,  0,  0,  0,  0,  0,  0,  0,  0,  0,  0,  0,  0,  0,  0,  0,  0,  0,  0, 31,
 31, 31, 31, 31, 31, 31, 31, 31, 31, 31, 31, 31, 31, 31, 31, 31, 31, 31, 31, 31, 31, 31, 31, 31, 31, 31, 31, 31, 31, 31, 31, 31
 
};

uint8_t Level_15 = {
//0   1   2   3   4   5   6   7   8   9  10  11  12  13  14  15  16  17  18  19  20  21  22  23  24  25  26  27  28  29  30  31
 30,  0,  0,  0,  0,  0,  0,  0,  0,  0,  0,  0,  0,  0,  0,  0,  0,  0,  0,  0,  0,  0,  0,  0,  0,  0,  0,  0,  0, 10, 10, 30,
 30,  0,  0,  0,  0,  0,  0,  0,  0,  0,  0,  0,  0,  0,  0,  0,  0,  0,  0,  0,  0,  0,  0,  0,  0,  0,  0,  0,  0, 10, 10, 30,
 30,  0,  0,  0,  0,  0,  0,  0,  0,  0,  0,  0,  0,  0,  0,  0,  0,  0,  0,  0,  0,  0,  0,  0,  0, 87,  0,  0,  0, 10, 10, 30,
 30,150,  0,  0,  0,  0,  0,  0, 63, 63, 63, 63, 63, 63, 63, 63, 63, 63, 63, 63, 63, 63, 63, 63, 11, 11, 11, 11, 11, 10, 10, 30,

 30,  0,  0,  0,  0,  0,  0,  0, 21,210,  0,  0,  0,  0,  0,212,  0,  0,  0,  0,  0,214,  0,  0,  0,  0,  0,  0, 21, 10, 10, 30, 
 30, 11, 11, 11, 11, 11,  0,  0 ,20,  0,  0,  0,  0,  0,  0,  0,  0,  0,  0,  0,  0,  0,  0,  0,  0,  0,  0,  0, 21, 10, 10, 30,
 30,  0,  0,  0,  0,  0,  0,  0,  0,  0,  0,  0,  0, 87,  0,  0,  0,  0,  0,  0,  0,  0,  0,  0, 11, 11,  0,  0, 21, 10, 10, 30,
 30,  0,  0,  0,  0,  0,  0, 90,  0,  0,  0,  0,  0, 11, 11,  0,  0,  0,  0,  0,  0,  0,  0,  0,  0,  0,  0,  0, 21, 10, 10, 30,
    
 30,  0,  0, 11, 11,  0,  0,  0,  0,  0,  0,  0,  0,  0,  0,  0,  0,  0,  0, 11, 11,  0,  0,  0,  0,  0,  0,  0, 21, 10, 10, 30,
 30,  0,  0,  0,  0,  0,  0,  0,  0,  0,  0,  0,  0,  0,  0,  0,  0,  0,  0,  0,  0,  0,  0,  0,  0, 11, 11,  0, 21, 10, 10, 30,
 30, 11, 11,  0,  0,  0,  0,  0,  0,  0,  0,  0,  0, 11, 11,  0,  0,  0,  0,  0,  0,  0,  0,  0,  0,  0,  0,  0, 20, 10, 10, 30,
 30,  0,  0,  0,  0,  0,  0,  0,  0,  0,  0,  0,  0,  0,  0,  0,  0,  0,  0, 11, 11,  0,  0,  0,  0,  0,  0,  0,  0, 10, 10, 30,
    
 30,  0,  0,  0,  0, 11, 11, 11, 11,  0,  0,  0,  0,  0,  0,  0,  0,  0,  0,  0,  0,  0,  0, 11, 11,  0,  0,  0,  0, 10, 10, 30,
 30,250,  0,  0,  0,  0,  0,  0,  0,211,  0,  0,  0, 11, 11,213,  0,200,  0,201,  0,215,  0,  0,  0,  0,  0,  0,  0, 10, 10, 30,
 30,  0,  0,  0,  0,  0,  0,  0,  0,  0,  0,  0,  0,  0,  0,  0,  0,  0,  0,  0,  0,  0,  0,  0,  0,  0, 87,  0,  0, 10, 10, 30,
 30, 11, 11, 11, 11, 11, 11, 11, 11, 11, 11, 11, 11, 11, 11, 11, 11, 11, 11, 11, 11, 11, 11, 11, 11, 11, 11, 11, 11, 11, 11, 30
 
};

uint8_t Level_16 = {
//0   1   2   3   4   5   6   7   8   9  10  11  12  13  14  15  16  17  18  19  20  21  22  23  24  25  26  27  28  29  30  31
 32, 88,  0,  0,  0,  0,  0,  0,  0,  0,  0,  0,  0,  0,  0,  0,  0,  0,  0,  0,  0,  0,  0,  0,  0,  0,  0,  0,  0,  0,  0, 32,
 32,  0,  0,  0,  0,  0,  0,  0,  0,  0,  0,  0,  0,  0,  0,  0,  0,  0,  0,  0,  0,  0,  0,  0,  0,  0,  0,  0,  0,  0,  0, 32,
 32,  0,  0,  0,  0,  0,  0,  0,  0,  0,  0,  0,  0,  0,  0,  0,  0,  0,  0,  0,  0,  0,  0,  0,  0,  0,  0,  0,  0,  0, 88, 32,
 32,  0,  0,  0,  0,  0,  0,  0,  0,  0,  0,  0,  0,  0,  0,  0,  0,  0,  0,  0,  0,  0,  0,  0,  0,  0,  0,  0,  0,  0,  0, 32,

 32,  0,  0,  0,  0,  0,  0,  0,  0,  0,  0,  0,  0,  0,  0,  0,  0,  0,  0,  0,  0,  0,  0,  0,  0,  0,  0,  0,  0,  0,  0, 32, 
 32,  1,  0,  0,  0,  0,  1,  0 , 0,  0,  0, 32,150,  0, 32,  0,  0,  0,  0,  0,  0,  0,  1,  1,  1,206,  0,  0,  0,207,  0, 32,
 32,  0,  0,  0,  0,  0,  0,  0,  0,  0,  0, 32,  0,  0, 32, 32,  0,  0,  0,  0,  0,  0,  0,  0,  0,  0,  0,  0,  0,  0,  0, 32,
 32,  0,  0,  0,  1,  0,  0,  0,  0,  0,  0, 32,  0, 88, 32, 32, 32,  0,204,  0,  0,  0,  0,205,  0,  1,  1,  1,  1,  1,  1, 32,
    
 32,  0,  0,  0,  0,  0,  0,  0,  0,  0,  0, 32,  0,  0, 32, 32, 32, 32,  0,  0,  0,  0,  0,  0,  0,  0,  0,  0,  0,  0,  0, 32,
 32, 90, 90, 35, 35, 35, 35, 35, 35, 35, 35, 35, 35, 35, 35, 35, 35, 35, 35, 35, 35, 35, 35, 35, 35, 35, 35,  0,  0,  0,  0, 32,
 32,202,  0,  0,  0,  0,  0,203,  0,  0,  0,  0,  0,  0,  0,  0,  0, 88,  0,  0,  0,  0,  0,  0,  0,  0,  0,  0,  0,  0,  0, 32,
 32,  0,  0,  0,  0,  0,  0,  0,  0,  0, 32, 32,  1,  1   0,  0,  0,  0,  0,  0,  0,  0,  0,  0,  0,  0,  1,  0,  0,  0,  0, 32,
    
 32,  1,  1,  1,  1,  1,  1,  1,  1,  1,  0,  0,  0,  0,  0,  0,  0,  0,  0,  0,  0,  0,  0,  0,  0,  0,  0,  0,  0,  0,  0, 32,
 32,250,201,  0,  0,  0,  0,  0,  0,  0,  0,  0,  0,  0,  0,  0,  0,  0,200,  0,  0,  1,  0,  0,  0,  0,  1,  0,  0,  0,  0, 32,
 32,  0,  0,  0,  0,  0,  0,  0,  0,  0,  0,  0,  0,  0,  0,  0,  0,  0,  0,  0,  0,  0,  0, 18, 18, 18,  0,  0,  0,  0,  0, 32,
 32,  1,  1,  1,  1,  1,  1,  1,  1,  1,  1,  1,  1,  1,  1,  1,  1,  1,  1,  1,  1,  1,  1,  1,  1,  1,  1,  1,  1,  1,  1, 32
 
};

uint8_t Level_17 = {
//0   1   2   3   4   5   6   7   8   9  10  11  12  13  14  15  16  17  18  19  20  21  22  23  24  25  26  27  28  29  30  31
 33,  0,  0,  0,  0,  0,  0,  0,  0,  0,212,  0,  0,  0,  0,  0,  0,  0,  0,214,  0,  0,  0,  0,  0,  0,  0,216,  0, 33, 33, 33,
 33,  0,  0,  0,  0,  0,  0,  0,  0,  0,  0,  0,  0,  0,  0,  0,  0,  0,  0,  0,  0,  0,  0,  0,  0,  0,  0,  0,  0,150,  0, 33,
 33,  0,  0,  0,  0,  0,  0,  0,  0,  0,  0,  0,  0,  0,  0,  0,  0,  0,  0,  0,  0,  0,  0,  0,  0,  0,  0,  0,  0,  0,  0, 33,
 33,250,  0,  0,  0,  0,  0,  0,  0,  0,  0,  0,  0,  0,  0,  0,  0,  0,  0,  0,  0,  0,  0,  0,  0,  0,  0,  0,  0,  0,  0, 33,

 33,  0,  0,  0,  0,  0, 13,  0,  0, 13,  0,  0,  0, 13,  0,  0, 13,  0,  0,  0,  0,  0, 13,  0, 13,  0,  0,  0,  0,  0,  0, 33, 
 33,  1,  1,106,106,106,106,106,106,106,  0,  0,106,106,106,106,106,106,106,  0,  0,106,106,106, 79,106,106,  0,  0,  1,  1, 33,
 33,106,106, 15,106,106,106,106,106,106,  0,  0,106,106,106,106,106,106,106,  0,  0,106,106,106,106,106,106,  0,  0,106,106, 33,
 33,106,106,106,106,106,106,106,106,106,  0,  0,106,106,106, 79,106,106,106,  0,  0,106,106,106,106,106, 15,  0,  0,106,106, 33,
    
 33,106,106,210,  0,106,106,106,106,106,  0,  0,106,106, 75, 75, 75, 75, 75,215,  0,106,106,106,106,106,106,  0,  0,106,106, 33,
 33, 79,106,  0,  0,106,106,106,106,106,  0,  0,106,106,106,106,106,106,106,  0,  0,106,106,106,106,106,106,  0,  0,106,106, 33,
 33,106,106,  0,  0,106,106,106,106,106,  0,  0,106,106,106,106,106,106,106, 79,106,106, 15,106,106,106,106,  0,  0,106,106, 33,
 33,106,106,  0,  0,106,106,106,106, 15,  0,  0,106,106,106,106,106,106,106,106,106,106,106,106,106,106, 79,  0,  0,106,106, 33,
    
 33,106,106,  0,  0,106,106,106,106,106,213,  0,106,106,106,106,106,106,106,106,106,106,106,106,106,106,106,217,  0,106,106, 33,
 33,  0,  0,211,  0,200,  0,  0,201,  0,  0,  0,202,  0,  0,  0,  0,  0,  0,  0,  0,  0,  0,  0,  0,203,  0,  0,  0,  0,  0, 33,
 33,  0,  0,  0,  0,  0,  0,  0,  0,  0,  0,  0,  0,  0,  0,  0,  0,  0,  0,  0,  0,  0,  0,  0,  0,  0,  0,  1,  1,  1,  1, 33,
 33,  1,  1,  1,  1,  1,  1,  1,  1,  1,  1,  1,  1,  1,  1,  1,  1,  1,  1,  1,  1,  1,  1,  1,  1,  1,  1,  1,  1,  1,  1, 33
 
};

uint8_t Level_18 = {
//0   1   2   3   4   5   6   7   8   9  10  11  12  13  14  15  16  17  18  19  20  21  22  23  24  25  26  27  28  29  30  31
 34,  0,  0,  0,  0,210,  0,  0,  0,  0,212,  0,  0,  0,  0,  0,  0,  0,  0,  0,214,  0,  0,  0,  0,216,  0,  0, 34,150,  0, 34,
 34,  0,  0,  0,  0,  0,  0,  0,  0,  0,  0,  0,  0,  0,  0,  0, 79,  0,  0,  0,  0,  0,  0,  0,  0,  0,  0,  0,  0,  0,  0, 34,
 34,  0,  0,  0,  0,  0,  0,  0,  0,  0,  0,  0,  0,  0,  0,  0,  0,  0,  0,  0,  0,  0,  0,  0,  0,  0,  0,  0,  0,  0,  0, 34,
 34,  0,  0,  0,  0,  0,  0,  0,  0,  0,  0,  0,200,  0,  0,  0,  0,  0,201,  0,  0,  0,  0,  0,  0,  0,  0,  0,  0,  0,  0, 34,

 34,  0,  0,  0,  0,  0,  0,  0,  0,  0,  0,  0,  0,  0,  0,  0,  0,  0,  0,  0,  0,  0,  0,  0,  0,  0,  0,  0,  0,  0,  0, 34, 
 34,  0,  0,  1,  1,  0,  0,  1 , 1,  1,  0,  0,  1,  1,  1,  1,  1,  1,  1,  1,  0,  0,  1,  1,  1,  0,  0,  1,  1,  1,  1, 34,
 34,  0,  0,  0,  0,  0,  0,  0,  0,  0,  0,  0,204,  0,  0,  0,  0,205,  0,  0,  0,  0,  0,  0,  0,  0,  0,  0,  0,  0,  0, 34,
 34,  1,  1,  0,  0,  0,  0,  0,  0,  0,  0,  0,  0,  0,  0,  0,  0,  0,  0,  0,  0,  0,  0,  0,  0,  0,  0,  0,  0,  0,  0, 34,
    
 34,  0,  0,  0,  0,  0,  0,  0,  0,  0,  0,  0,  1,  1,  1,  1,  1,  1,  1,  1,  0,  0,  1,  1,  1,  0,  0,  1,  1,  0,  0, 34,
 34,  0,  0,  1,  1,  0,  0,  1,  1,  1,  0,  0,  0,  0,  0,  0,  0,  0,  0,  0,  0,  0,  0,  0,  0,  0,  0,  0,  0,  0,  0, 34,
 34,  0,  0,  0,  0,  0,  0,  0,  0,  0,  0,  0,202,  0,  0,  0,  0,203,  0,  0,  0,  0,  0,  0,  0,  0,  0,  0,  0,  1,  1, 34,
 34,  0,  0,  0,  0,  0,  0,  0,  0,  0,  0,  0,  0,  0,  0,  0,  0,  0,  0,  0,  0,  0,  0,  0,  0,  0,  0,  0,  0,  0,  0, 34,
    
 34,  0,  0,  1,  1,  0,  0,  1,  1,  1,  0,  0,  1,  1,  1,  1,  1,  1,  1,  1,  0,  0,  1,  1,  1,  0,  0,  1,  1,  0,  0, 34,
 34,  1,  1,  0,  0,211,  0,  0,  0,  0,213,  0,206,  0,  0,  0,  0,  0,207,  0,215,  0,  0,  0,  0,217,  0,  0,  0,250,  0, 34,
 34,  0,  0,  0,  0,  0,  0,  0,  0,  0,  0,  0,  0,  0,  0,  0,  0,  0,  0,  0,  0,  0,  0,  0,  0,  0,  0,  0,  0,  0,  0, 34,
  1,  1,  1,  1,  1,  1,  1,  1,  1,  1,  1,  1,  1,  1,  1,  1,  1,  1,  1,  1,  1,  1,  1,  1,  1,  1,  1,  1,  1,  1,  1,  1
 
};

uint8_t Level_19 = {
//0   1   2   3   4   5   6   7   8   9  10  11  12  13  14  15  16  17  18  19  20  21  22  23  24  25  26  27  28  29  30  31
 25, 25, 25,  0,  0,210,  0,  0,  0,  0,  0,  0,  0,  0,  0,  0,214,  0,  0,  0,  0,  0,  0,  0,  0,  0,  0,  0,  0,  0,  0, 25,
 25,150,  0,  0,  0,  0,  0,  0,  0,  0,  0,  0,  0,  0,  0,  0,  0,  0,  0,  0,  0,  0,  0,  0,  0,  0,  0,  0,  0,  0, 79, 25,
 25,  0,  0,  0,  0,  0,  0,  0,  0,  0,  0,  0,  0,  0,  0,  0,  0,  0,  0,  0,  0,  0,  0,  0,  0,  0,  0,  0,  0,  0,  0, 25,
 25,  0,  0,  0,  0,  0,  0,  0,  0,  0,  0,  0,  0,  0,  0,  0,  0,  0,  0,  0,  0,  0,  0,  0,200,  0,  0,  0,  0,201,  0, 25,

 25,  0,  0,  0,  0,  0,  0,  0,  0,  0,  0,  0,  0,  0,  0,  0,  0,  0,  0,  0,  0,  0,  0,  0,  0,  0,  0,  0,  0,  0,  0, 25, 
 25, 79,  0,  1,  1,  0,  0,  0 , 0,  1,  1,  1,  1,  1,  1,  1,  0,  0,  0,  0,  0,  0,  0,  0,  1,  1,  1,  1,  1,  1,  1, 25,
 25,  0,  0,  0,  0,  0,  0,  0,  0,  0,  0,212,  0,  0,  0,  0,  0,  0,  0,  0,  0,  0,  0,  0,203,  0,  0,  0,  0,202,  0, 25,
 25,  0,  0,  0,  0,  0,  0,  0,  0,  0,  0,  0,  0,  0,  0,  0,  0,  0,  0,  1,  1,  1,  0,  0,  0,  0,  0,  0,  0,  0,  0, 25,
    
 25,  1,  1,  0,  0,  0,  0,  0,  0,  0,  0,  0,  0,  1,  1,  1,  0,  0,  0,  0,  0,  0,  0,  0,  1,  1,  1,  1,  1,  1,  1, 25,
 25,  0,  0,  0,  0,  0,  0,  0,  0,  0,  0,  0,  0,  0,  0,  0,  0,  0,  0,  0,  0,  0,  0,  0,205,  0,  0,  0,  0,204,  0, 25,
 25,  0,  0,  0,  0,  0,  0,  0,  0,  0,  0,  0,  0,  0,  0,  0,215,  0,  0,  0,  1,  1,  0,  0,  0,  0,  0,  0,  0,  0,  0, 25,
 25,  1,  1,  1,  1,  0,  0,  0,  0,  0,  0,  0,  0,  0,  0,  0,  0,  0,  0,  0,  0,  0,  0,  0,  1,  1,  1,  1,  1,  1,  1, 25,
    
 25,250,  0,  0,  0,211,  0, 35, 35, 35, 35,213,  0,  0,  0,  1,  1,  1,  1,  1,  0,  0,  0,  0,  0,  0,  0,  0,  0,  0, 79, 25,
 25,  0,  0,  0,  0,  0,  0,  0,  0,  0,  0,  0,  0,206,  0,  0,  0,  0,  0,  0,  0,  0,  0,  0,  0,  0,  0,  0,  0,207,  0, 25,
 25, 25, 25, 25,  0,  0,  0,  0,  0,  0,  0,  0,  0,  0,  0,  0,  0,  0,  0,  0,  0,  0,  0,  0,  0,  0,  0,  0,  0,  0,  0, 25,
 25, 25, 25, 25,  1,  1,  1,  1,  1,  1,  1,  1,  1,  1,  1,  1,  1,  1,  1,  1,  1,  1,  1, 25,  1,  1,  1,  1,  1,  1,  1, 25
 
};

uint8_t Level_20 = {
//0   1   2   3   4   5   6   7   8   9  10  11  12  13  14  15  16  17  18  19  20  21  22  23  24  25  26  27  28  29  30  31
 25,  0,  0,  0,  0,  0,  0,  0,  0,  0,  0,  0,  0,  0,  0,  0,  0,  0,  0,  0,  0,  0,  0,  0,  0,  0,  0,  0,  0,  0,  0, 25,
 25,  0,  0,  0,  0,  0,  0,  0,  0,  0,  0,  0,  0,  0,  0,  0,  0,  0,  0,  0,  0,  0,  0,  0,  0,  0,  0,  0,  0,  0,  0, 25,
 25,  0,  0,  0,  0,  0,  0,  0,  0,  0,  0,  0,  0,  0,  0,  0,  0,  0,  0,  0,  0,  0,  0,  0,  0,  0,  0,  0,  0,  0,  0, 25,
 25,  0,  0,  0,  0,  0,  0,  0,  0,  0,  0,  0,  0,  0,  0,  0,  0,  0,  0,  0,  0,  0,  0,  0,  0,  0,  0,  0,  0,  0,  0, 25,

 25,  0,  0,  0,  0,  0,  0,  0,  0,  0,  0,  0,  0,  0,  0,  0,  0,  0,  0,  0,  0,  0,  0,  0,  0,  0,  0,  0,  0,  0,  0, 25, 
 25,  0,  0,  0,  0,  0,  0,  0 , 0,  0,  0,  0,  0,  0,  0,  0,  0,  0,  0,150,  0,  0,  0, 79,210,  0,  0,  0,  0,  0,  0, 25,
 25,  0,  0,  0,  0,  0,  0,  0,  0,  0,  0,  0,  0,  0,  0,  0,  0,  0,  0,  0,  0,  0,  0,  0,  0,  0,  0,  0,  0,  0, 79, 25,
 25,  0,  0,  0,  0,  0,  0,  0,  0,  0,  0,  0,  0,  0,  0,  0,  0,  0,  0,  0,  0,  0,  0,  0,  0,  0,  0,  0,  0,  0,  0, 25,
    
 25,  0,  0,  0,  0,  0,  0,  0,  0,  0,  0,  0,  0,  0,  0,  0,  0,  0,  0,  0,  0,  0,  0,  0,  0,  0,  0,  0,  0,  1,  1, 25,
 25,  0,  0,  0,  0,  0,  0,  0,  0,  0,  0,  0,  0,  0,  0,  0,  0,  0,  0,  0,  0,  0,  0,  0,  0,  0,  0,  0,  0,  0,  0, 25,
 25, 39, 39, 39, 39, 39, 39, 39, 39, 39, 39, 39, 39, 39, 39, 39, 39, 39, 39, 39, 39, 39, 39,  0,  0,  0, 90,  0,  0,  0,  0, 25,
 25,  0,  0,  0,  0,  0,  0,  0,  0, 20, 79,  0, 20,  0, 79,  0,  0, 20,  0, 79,  0, 20,  0,  0,  0,  0,  0,  0,  1,  0,  0, 25,
    
 25,  1,  1,  0,  0,  0,  0,  0,  0,  0,  0,  0,  0,  0,  0,  0,  0,  0,  0,  0,  0,  0,  0,  0,211,  0,  0,  0,  0,  0,  0, 25,
 25,  0,  0,  0,  0,  1,  1,200,  0,  0,  0,  0,  0,  0,  0,  0,  0,  0,  0,  0,  0,  0,201,  0,  0,  0,  0,  0,  0,250,  0, 25,
 25,  0,  0,  0,  0,  0,  0,  0,  0,  0,  0,  0,  0,  0,  0,  0,  0,  0,  0,  0,  0,  0,  0,  0,  0,  0,  0,  0,  0,  0,  0, 25,
 25,  1,  1,  1,  1,  1,  1,  1,  1,  1,  1,  1,  1,  1,  1,  1,  1,  1,  1,  1,  1,  1,  1,  1,  1,  1,  1,  1,  1,  1,  1, 25
 
};
